0 1.5157736058545899
0 1.5931723200397028
0 1.7500897594378697
0 1.5937898954114658
0 1.6020720815712273
0 1.5999635676509483
0 1.7397151225133782
0 1.4014119587448457
0 1.4673173341129313
1 1.6930926520934992
1 1.3579285728469435
1 1.8177029230534087
1 1.787636048652313
1 1.9394451445942946
1 1.5207442004701475
1 1.8281586168202149
1 1.9561978441196677
1 1.6733229978546709
2 1.2099685510634848
2 1.5462438207261637
2 1.4510462065439744
2 1.4371704374108756
2 1.118159707018723
2 1.2690223429393384
2 1.4220858038480406
2 1.5967561717692051
2 1.514247155258528
3 1.818175644095415
3 1.6627462940991045
3 1.7626257259534233
3 1.9178014533918648
3 1.867015516972942
3 1.8065405331893292
3 2.030648400138089
3 1.8273513977580353
3 1.8143611600209986
4 1.5209691519216941
4 1.4085223532682167
4 1.9618848897865215
4 1.8428064086313425
4 1.8472368417867502
4 1.5707963267948966
4 1.6453161173394646
4 1.619875465379849
4 1.5707963267948966
5 1.864347447732523
5 1.3463727857645036
5 1.7400253899873486
5 1.9912633032084799
5 1.6348553563173986
5 1.7785414474530505
5 1.7033808317228347
5 1.2951130213816278
5 1.4553690995769653
6 1.8247670033798833
6 1.5170156995275246
6 1.0661147419477242
6 1.2209523213375213
6 1.2712126605426894
6 1.4465515486976293
6 1.6817560537637875
6 1.153609989202109
6 1.542221092858243
7 1.5707963267948966
7 2.470907177207721
7 2.243421590373658
7 2.3905083325015255
7 2.46993018273417
7 2.4081031340170567
7 2.0237797345750352
7 2.1798556695260314
7 1.9145512037078896
8 1.7441864802446927
8 1.6375206332404009
8 1.8360307887995266
8 1.5227687421833012
8 1.8188924423656467
8 1.4498253704802844
8 1.26185679536093
8 1.7212939846228246
8 1.9534937820838743
9 1.39236602786919
9 1.7573041570044563
9 2.2669168700940254
9 1.6721771769215548
9 2.1422039208433246
9 2.3146169374428167
9 1.5707963267948966
9 2.017358778380082
9 1.5707963267948966
