0 0.22190540181382196
0 -2.445329661647363
0 2.3469316292555544
0 0.46587531862791004
0 2.618552423351554
0 -2.2679542943142543
0 0.6858226665030666
0 -0.8861995981514541
0 -0.6609035330567311
0 -0.4977147490473767
1 1.2598992417206438
1 -1.2960608846915842
1 1.0894985364190608
1 1.1272297820406245
1 0.6608630899761982
1 -0.3594689482813536
1 0.4508652937314785
1 0.8324537804952823
1 0.9571060089140446
1 0.10493949838653123
2 -1.8932515368543488
2 0.051102079366070495
2 -2.6623230344126507
2 2.135916182576059
2 -2.2630027245931608
2 -1.7992287544694154
2 2.6009764978884156
2 1.968183693856418
2 2.787538429591853
2 -2.3129739017018283
3 -1.5263840227990773
3 0.8137177792354999
3 2.501869742647446
3 -1.076105026086634
3 2.895390064159834
3 1.9526426555421568
3 -1.4911892082596416
3 -0.6792172813844114
3 -0.3888336890454989
3 -0.4886916937201286
4 -0.9242877514857322
4 -2.9704225135591478
4 0.2728161070468301
4 1.069724088697931
4 0.3066242632123813
4 0.6344195014190394
4 0.7722711719327179
4 0.9572261967836646
4 0.4874343845111518
4 1.12781640268726
5 2.7139222587391694
5 -1.9478038741206203
5 1.365585203695311
5 -2.8592383826770353
5 2.1703844051415677
5 -0.5021326131370114
5 1.300176957998807
5 0.04924354215339722
5 -0.8070959831349368
5 2.5297561750626407
6 0.2643772071443047
6 2.808609793268899
6 -1.2398059956304797
6 -1.4488696452924992
6 -2.0392027193872977
6 -2.1207976148958037
6 1.6977245766098035
6 -2.582347974261389
6 2.9010062038364115
6 2.5269785736279538
7 2.041449247606244
7 -1.726427470658633
7 -1.1807920614396368
7 -2.0226117952875233
7 -1.5385567684835988
7 -2.089032750111282
7 -2.872691934616844
7 -2.916607028024577
7 2.231835488573173
7 2.1060462238995323
8 1.6786112984690236
8 0.4075044054656723
8 2.640526584305203
8 -0.8487340996360645
8 3.0353235104337557
8 -0.12372702149537682
8 -0.039333051409090394
8 1.6145118503373248
8 -0.8920836985161577
8 1.3523918391977685
9 0.1619011588747548
9 1.109793753286451
9 -1.8180732850130987
9 2.204946212782863
9 -0.6146518412697342
9 -1.673602862145369
9 2.264138921597074
9 -2.1016115815030623
9 0.20974486404788728
9 -0.11629073904955853
